101
1 0 0
1 1 0
1 2 0
1 3 0
2 7 0
1 4 0
3 13 0
2 9 0
3 14 0
4 19 0
5 24 0
1 5 0
7 36 0
6 31 0
5 26 0
4 21 0
7 37 0
3 16 0
8 43 0
5 27 0
7 38 0
9 49 0
11 60 0
2 11 0
13 72 0
11 61 0
9 50 0
7 39 0
12 67 0
5 28 0
13 73 0
8 45 0
11 62 0
14 79 0
17 96 0
3 17 0
19 108 0
16 91 0
13 74 0
10 57 0
17 97 0
7 40 0
18 103 0
11 63 0
15 86 0
19 109 0
23 132 0
4 23 0
25 144 0
21 121 0
17 98 0
13 75 0
22 127 0
9 52 0
23 133 0
14 81 0
19 110 0
24 139 0
29 168 0
5 29 0
31 180 0
26 151 0
21 122 0
16 93 0
27 157 0
11 64 0
28 163 0
17 99 0
23 134 0
29 169 0
35 204 0
6 35 0
37 216 0 
31 181 0
25 146 0
19 111 0
32 187 0
13 76 0
33 193 0
20 117 0
27 158 0
34 199 0
41 240 0
7 41 0
36 211 0
29 170 0
22 129 0
15 88 0
23 135 0
8 47 0
17 100 0
9 53 0
10 59 0
11 65 0
12 71 0
1 6 0
0 1 0
-1 -12 0
0 -1 0
0 0 1
84 492 -1
198
0 1 99
0 1 100
1 2 99
1 2 100
2 3 99
2 3 100
3 4 99
3 4 100
4 5 99
4 5 100
5 6 99
5 6 100
6 7 99
6 7 100
7 8 99
7 8 100
8 9 99
8 9 100
9 10 99
9 10 100
10 11 99
10 11 100
11 12 99
11 12 100
12 13 99
12 13 100
13 14 99
13 14 100
14 15 99
14 15 100
15 16 99
15 16 100
16 17 99
16 17 100
17 18 99
17 18 100
18 19 99
18 19 100
19 20 99
19 20 100
20 21 99
20 21 100
21 22 99
21 22 100
22 23 99
22 23 100
23 24 99
23 24 100
24 25 99
24 25 100
25 26 99
25 26 100
26 27 99
26 27 100
27 28 99
27 28 100
28 29 99
28 29 100
29 30 99
29 30 100
30 31 99
30 31 100
31 32 99
31 32 100
32 33 99
32 33 100
33 34 99
33 34 100
34 35 99
34 35 100
35 36 99
35 36 100
36 37 99
36 37 100
37 38 99
37 38 100
38 39 99
38 39 100
39 40 99
39 40 100
40 41 99
40 41 100
41 42 99
41 42 100
42 43 99
42 43 100
43 44 99
43 44 100
44 45 99
44 45 100
45 46 99
45 46 100
46 47 99
46 47 100
47 48 99
47 48 100
48 49 99
48 49 100
49 50 99
49 50 100
50 51 99
50 51 100
51 52 99
51 52 100
52 53 99
52 53 100
53 54 99
53 54 100
54 55 99
54 55 100
55 56 99
55 56 100
56 57 99
56 57 100
57 58 99
57 58 100
58 59 99
58 59 100
59 60 99
59 60 100
60 61 99
60 61 100
61 62 99
61 62 100
62 63 99
62 63 100
63 64 99
63 64 100
64 65 99
64 65 100
65 66 99
65 66 100
66 67 99
66 67 100
67 68 99
67 68 100
68 69 99
68 69 100
69 70 99
69 70 100
70 71 99
70 71 100
71 72 99
71 72 100
72 73 99
72 73 100
73 74 99
73 74 100
74 75 99
74 75 100
75 76 99
75 76 100
76 77 99
76 77 100
77 78 99
77 78 100
78 79 99
78 79 100
79 80 99
79 80 100
80 81 99
80 81 100
81 82 99
81 82 100
82 83 99
82 83 100
83 84 99
83 84 100
84 85 99
84 85 100
85 86 99
85 86 100
86 87 99
86 87 100
87 88 99
87 88 100
88 89 99
88 89 100
89 90 99
89 90 100
90 91 99
90 91 100
91 92 99
91 92 100
92 93 99
92 93 100
93 94 99
93 94 100
94 95 99
94 95 100
95 96 99
95 96 100
96 97 99
96 97 100
97 98 99
97 98 100
98 0 99
98 0 100
